1790017518.596081615  259       2 nvme0n1 17385854 164095 11625046552 106282476 4990040 39414 725820054 11913030 0 8249907 138741576 4972 151677 14998800832 19950560 192995 595509
1790017519.600033083  259       2 nvme0n1 17385854 164095 11625046552 106282476 4990040 39414 725820054 11913030 0 8249907 138741576 4972 151677 14998800832 19950560 192995 595509
1790017520.604001330  259       2 nvme0n1 17385854 164095 11625046552 106282476 4990046 39414 725820139 11913062 0 8249938 138741639 4972 151677 14998800832 19950560 192996 595540
1790017521.608411540  259       2 nvme0n1 17385856 164095 11625046585 106282479 4990046 39414 725820139 11913062 0 8249942 138741642 4972 151677 14998800832 19950560 192996 595540
1790017522.612847562  259       2 nvme0n1 17385856 164095 11625046585 106282479 4990046 39414 725820139 11913062 0 8249942 138741642 4972 151677 14998800832 19950560 192996 595540
1790017523.617207755  259       2 nvme0n1 17385856 164095 11625046585 106282479 4990046 39414 725820139 11913062 0 8249942 138741642 4972 151677 14998800832 19950560 192996 595540
1790017524.621487423  259       2 nvme0n1 17385856 164095 11625046585 106282479 4990046 39414 725820139 11913062 0 8249942 138741642 4972 151677 14998800832 19950560 192996 595540
1790017525.625565033  259       2 nvme0n1 17385856 164095 11625046585 106282479 4990046 39414 725820139 11913062 0 8249942 138741642 4972 151677 14998800832 19950560 192996 595540
1790017526.629698732  259       2 nvme0n1 17385856 164095 11625046585 106282479 4990046 39414 725820139 11913062 0 8249942 138741642 4972 151677 14998800832 19950560 192996 595540
1790017527.634378782  259       2 nvme0n1 17385856 164095 11625046585 106282479 4990046 39414 725820139 11913062 0 8249942 138741642 4972 151677 14998800832 19950560 192996 595540
1790017528.638816864  259       2 nvme0n1 17385859 164095 11625046602 106282510 4990046 39414 725820139 11913062 0 8249974 138741674 4972 151677 14998800832 19950560 192996 595540
1790017529.643395629  259       2 nvme0n1 17385859 164095 11625046602 106282510 4990046 39414 725820139 11913062 0 8249974 138741674 4972 151677 14998800832 19950560 192996 595540
1790017530.647949506  259       2 nvme0n1 17386178 164098 11625331108 106284303 4990150 39414 725925035 11913339 0 8250035 138743743 4972 151677 14998800832 19950560 192996 595540
1790017531.652739649  259       2 nvme0n1 17389132 164140 11628020124 106312602 4990462 39414 726239579 11914841 0 8250436 138773543 4972 151677 14998800832 19950560 192996 595540
1790017532.657173548  259       2 nvme0n1 17392040 164207 11630697148 106345361 4990462 39414 726239579 11914841 0 8250800 138806302 4972 151677 14998800832 19950560 192996 595540
1790017533.661337190  259       2 nvme0n1 17395003 164267 11633424164 106378415 4990462 39414 726239579 11914841 0 8251182 138839356 4972 151677 14998800832 19950560 192996 595540
1790017534.665233052  259       2 nvme0n1 17397918 164301 11636075188 106411009 4990462 39414 726239579 11914841 0 8251538 138871950 4972 151677 14998800832 19950560 192996 595540
1790017535.669061352  259       2 nvme0n1 17397918 164301 11636075188 106411009 4990462 39414 726239579 11914841 0 8251538 138871950 4972 151677 14998800832 19950560 192996 595540
1790017536.673355565  259       2 nvme0n1 17397918 164301 11636075188 106411009 4990462 39414 726239579 11914841 0 8251538 138871950 4972 151677 14998800832 19950560 192996 595540
