1790017612.366298424  259       2 nvme0n1 17397918 164301 11636075188 106411009 4990498 39416 726240081 11914942 0 8251636 138872144 4972 151677 14998800832 19950560 192999 595633
1790017613.370392780  259       2 nvme0n1 17397918 164301 11636075188 106411009 4990498 39416 726240081 11914942 0 8251636 138872144 4972 151677 14998800832 19950560 192999 595633
1790017614.374721953  259       2 nvme0n1 17397918 164301 11636075188 106411009 4990498 39416 726240081 11914942 0 8251636 138872144 4972 151677 14998800832 19950560 192999 595633
1790017615.379350748  259       2 nvme0n1 17397921 164301 11636075205 106411040 4990498 39416 726240081 11914942 0 8251667 138872175 4972 151677 14998800832 19950560 192999 595633
1790017616.383518204  259       2 nvme0n1 17397921 164301 11636075205 106411040 4990498 39416 726240081 11914942 0 8251667 138872175 4972 151677 14998800832 19950560 192999 595633
1790017617.387436251  259       2 nvme0n1 17397921 164301 11636075205 106411040 4990498 39416 726240081 11914942 0 8251667 138872175 4972 151677 14998800832 19950560 192999 595633
1790017618.391392073  259       2 nvme0n1 17397921 164301 11636075205 106411040 4990498 39416 726240081 11914942 0 8251667 138872175 4972 151677 14998800832 19950560 192999 595633
1790017619.395813405  259       2 nvme0n1 17397921 164301 11636075205 106411040 4990498 39416 726240081 11914942 0 8251667 138872175 4972 151677 14998800832 19950560 192999 595633
1790017620.400101650  259       2 nvme0n1 17397921 164301 11636075205 106411040 4990498 39416 726240081 11914942 0 8251667 138872175 4972 151677 14998800832 19950560 192999 595633
1790017621.404377888  259       2 nvme0n1 17397921 164301 11636075205 106411040 4990498 39416 726240081 11914942 0 8251667 138872175 4972 151677 14998800832 19950560 192999 595633
1790017622.408279722  259       2 nvme0n1 17397924 164301 11636075222 106411071 4990498 39416 726240081 11914942 0 8251698 138872207 4972 151677 14998800832 19950560 192999 595633
1790017623.412608476  259       2 nvme0n1 17397927 164301 11636075246 106411074 4990498 39416 726240081 11914942 0 8251702 138872210 4972 151677 14998800832 19950560 192999 595633
1790017624.416991168  259       2 nvme0n1 17400311 164319 11638329504 106424946 4990914 39416 726659521 11916510 0 8252071 138887651 4972 151677 14998800832 19950560 192999 595633
1790017625.420929683  259       2 nvme0n1 17403845 164347 11641641744 106451495 4990914 39416 726659521 11916510 0 8252507 138914199 4972 151677 14998800832 19950560 192999 595633
1790017626.424897261  259       2 nvme0n1 17408031 164347 11645829432 106475433 4990914 39416 726659521 11916510 0 8253093 138938137 4972 151677 14998800832 19950560 192999 595633
1790017627.428846016  259       2 nvme0n1 17409305 164347 11647103952 106482720 4990914 39416 726659521 11916510 0 8253277 138945424 4972 151677 14998800832 19950560 192999 595633
1790017628.432936727  259       2 nvme0n1 17409305 164347 11647103952 106482720 4990914 39416 726659521 11916510 0 8253277 138945424 4972 151677 14998800832 19950560 192999 595633
