1790017643.212003165  259       2 nvme0n1 17409305 164347 11647103952 106482720 4990947 39424 726660066 11916546 0 8253309 138945492 4972 151677 14998800832 19950560 193001 595664
1790017644.216328352  259       2 nvme0n1 17409305 164347 11647103952 106482720 4990947 39424 726660066 11916546 0 8253309 138945492 4972 151677 14998800832 19950560 193001 595664
1790017645.220611139  259       2 nvme0n1 17409305 164347 11647103952 106482720 4990947 39424 726660066 11916546 0 8253309 138945492 4972 151677 14998800832 19950560 193001 595664
1790017646.224833281  259       2 nvme0n1 17409309 164347 11647104001 106482751 4990947 39424 726660066 11916546 0 8253341 138945523 4972 151677 14998800832 19950560 193001 595664
1790017647.229149466  259       2 nvme0n1 17409309 164347 11647104001 106482751 4990947 39424 726660066 11916546 0 8253341 138945523 4972 151677 14998800832 19950560 193001 595664
1790017648.233170288  259       2 nvme0n1 17409309 164347 11647104001 106482751 4990947 39424 726660066 11916546 0 8253341 138945523 4972 151677 14998800832 19950560 193001 595664
1790017649.237113919  259       2 nvme0n1 17409309 164347 11647104001 106482751 4990947 39424 726660066 11916546 0 8253341 138945523 4972 151677 14998800832 19950560 193001 595664
1790017650.241626575  259       2 nvme0n1 17409309 164347 11647104001 106482751 4990947 39424 726660066 11916546 0 8253341 138945523 4972 151677 14998800832 19950560 193001 595664
1790017651.246063679  259       2 nvme0n1 17409309 164347 11647104001 106482751 4990947 39424 726660066 11916546 0 8253341 138945523 4972 151677 14998800832 19950560 193001 595664
1790017652.250598007  259       2 nvme0n1 17409309 164347 11647104001 106482751 4990947 39424 726660066 11916546 0 8253341 138945523 4972 151677 14998800832 19950560 193001 595664
1790017653.255235742  259       2 nvme0n1 17409313 164347 11647104050 106482782 4990947 39424 726660066 11916546 0 8253372 138945554 4972 151677 14998800832 19950560 193001 595664
1790017654.259640684  259       2 nvme0n1 17409316 164347 11647104067 106482785 4990947 39424 726660066 11916546 0 8253375 138945557 4972 151677 14998800832 19950560 193001 595664
1790017655.264648208  259       2 nvme0n1 17412521 164351 11650273540 106499017 4991363 39424 727079506 11919697 0 8253862 138964940 4972 151677 14998800832 19950560 193001 595664
1790017656.268936709  259       2 nvme0n1 17416667 164385 11654291140 106524810 4991363 39424 727079506 11919697 0 8254412 138990732 4972 151677 14998800832 19950560 193001 595664
1790017657.273619910  259       2 nvme0n1 17421027 164385 11658652740 106549711 4991363 39424 727079506 11919697 0 8255018 139015634 4972 151677 14998800832 19950560 193001 595664
1790017658.277869093  259       2 nvme0n1 17425455 164385 11663082716 106574917 4991363 39424 727079506 11919697 0 8255643 139040840 4972 151677 14998800832 19950560 193001 595664
1790017659.282096241  259       2 nvme0n1 17429971 164385 11667600340 106601185 4991363 39424 727079506 11919697 0 8256272 139067108 4972 151677 14998800832 19950560 193001 595664
1790017660.286154430  259       2 nvme0n1 17434417 164385 11672048116 106626235 4991363 39424 727079506 11919697 0 8256888 139092158 4972 151677 14998800832 19950560 193001 595664
1790017661.290211859  259       2 nvme0n1 17438863 164385 11676495940 106651410 4991363 39424 727079506 11919697 0 8257504 139117333 4972 151677 14998800832 19950560 193001 595664
1790017662.294332792  259       2 nvme0n1 17443374 164385 11681008716 106676877 4991363 39424 727079506 11919697 0 8258135 139142800 4972 151677 14998800832 19950560 193001 595664
1790017663.298476477  259       2 nvme0n1 17447874 164385 11685510604 106702714 4991363 39424 727079506 11919697 0 8258764 139168636 4972 151677 14998800832 19950560 193001 595664
1790017664.303007168  259       2 nvme0n1 17452352 164385 11689990564 106728454 4991363 39424 727079506 11919697 0 8259384 139194377 4972 151677 14998800832 19950560 193001 595664
1790017665.307515112  259       2 nvme0n1 17453267 164385 11690905748 106734166 4991363 39424 727079506 11919697 0 8259512 139200088 4972 151677 14998800832 19950560 193001 595664
1790017666.311823422  259       2 nvme0n1 17453267 164385 11690905748 106734166 4991363 39424 727079506 11919697 0 8259512 139200088 4972 151677 14998800832 19950560 193001 595664
