1790017666.557491904  259       2 nvme0n1 17453267 164385 11690905748 106734166 4991363 39424 727079506 11919697 0 8259512 139200088 4972 151677 14998800832 19950560 193001 595664
1790017667.561493739  259       2 nvme0n1 17453267 164385 11690905748 106734166 4991363 39424 727079506 11919697 0 8259512 139200088 4972 151677 14998800832 19950560 193001 595664
1790017668.565618274  259       2 nvme0n1 17453267 164385 11690905748 106734166 4991363 39424 727079506 11919697 0 8259512 139200088 4972 151677 14998800832 19950560 193001 595664
1790017669.569752214  259       2 nvme0n1 17453270 164385 11690905765 106734196 4991363 39424 727079506 11919697 0 8259543 139200119 4972 151677 14998800832 19950560 193001 595664
1790017670.574326074  259       2 nvme0n1 17453270 164385 11690905765 106734196 4991363 39424 727079506 11919697 0 8259543 139200119 4972 151677 14998800832 19950560 193001 595664
1790017671.578320942  259       2 nvme0n1 17453270 164385 11690905765 106734196 4991363 39424 727079506 11919697 0 8259543 139200119 4972 151677 14998800832 19950560 193001 595664
1790017672.582328039  259       2 nvme0n1 17453270 164385 11690905765 106734196 4991386 39438 727079896 11919751 0 8259576 139200204 4972 151677 14998800832 19950560 193002 595695
1790017673.586645637  259       2 nvme0n1 17453270 164385 11690905765 106734196 4991386 39438 727079896 11919751 0 8259576 139200204 4972 151677 14998800832 19950560 193002 595695
1790017674.590642497  259       2 nvme0n1 17453270 164385 11690905765 106734196 4991386 39438 727079896 11919751 0 8259576 139200204 4972 151677 14998800832 19950560 193002 595695
1790017675.594548841  259       2 nvme0n1 17453270 164385 11690905765 106734196 4991386 39438 727079896 11919751 0 8259576 139200204 4972 151677 14998800832 19950560 193002 595695
1790017676.598331195  259       2 nvme0n1 17453274 164385 11690905790 106734230 4991386 39438 727079896 11919751 0 8259610 139200238 4972 151677 14998800832 19950560 193002 595695
1790017677.602312643  259       2 nvme0n1 17455101 164412 11692622504 106744017 4991594 39438 727289624 11920722 0 8259870 139210995 4972 151677 14998800832 19950560 193002 595695
1790017678.606164167  259       2 nvme0n1 17459150 164483 11696421072 106769972 4991802 39438 727499336 11923642 0 8260416 139239871 4972 151677 14998800832 19950560 193002 595695
1790017679.610039586  259       2 nvme0n1 17463272 164548 11700324688 106797239 4991802 39438 727499336 11923642 0 8260931 139267138 4972 151677 14998800832 19950560 193002 595695
1790017680.613850620  259       2 nvme0n1 17467464 164618 11704275208 106824580 4991802 39438 727499336 11923642 0 8261469 139294479 4972 151677 14998800832 19950560 193002 595695
1790017681.617626565  259       2 nvme0n1 17471640 164692 11708176792 106854577 4991802 39438 727499336 11923642 0 8261997 139324476 4972 151677 14998800832 19950560 193002 595695
1790017682.621861778  259       2 nvme0n1 17475780 164743 11712005456 106889936 4991802 39438 727499336 11923642 0 8262514 139359834 4972 151677 14998800832 19950560 193002 595695
1790017683.627627217  259       2 nvme0n1 17479951 164765 11716004208 106922394 4991802 39438 727499336 11923642 0 8263073 139392293 4972 151677 14998800832 19950560 193002 595695
1790017684.631369708  259       2 nvme0n1 17484295 164765 11720314800 106954483 4991802 39438 727499336 11923642 0 8263686 139424381 4972 151677 14998800832 19950560 193002 595695
1790017685.635453149  259       2 nvme0n1 17488612 164765 11724598616 106986699 4991802 39438 727499336 11923642 0 8264290 139456598 4972 151677 14998800832 19950560 193002 595695
1790017686.639505992  259       2 nvme0n1 17492952 164765 11728905408 107019207 4991802 39438 727499336 11923642 0 8264899 139489105 4972 151677 14998800832 19950560 193002 595695
1790017687.643543053  259       2 nvme0n1 17497172 164772 11733037048 107050802 4991802 39438 727499336 11923642 0 8265480 139520701 4972 151677 14998800832 19950560 193002 595695
1790017688.647612546  259       2 nvme0n1 17499000 164791 11734707504 107066804 4991802 39438 727499336 11923642 0 8265702 139536702 4972 151677 14998800832 19950560 193002 595695
1790017689.651505444  259       2 nvme0n1 17499000 164791 11734707504 107066804 4991802 39438 727499336 11923642 0 8265702 139536702 4972 151677 14998800832 19950560 193002 595695
